487.769
447.156
598.315
702.416
702.411
618.023
478.938
435.433
981.224
981.822
981.386
980.001
964.108
919.689
906.727
830.189
663.653
681.292
669.883
705.889
921.813
958.845
960.098
962.316
948.597
955.435
952.703
964.221
979.388
991.722
993.714
992.878
988.239
97.803
965.908
966.982
965.759
976.759
970.935
969.078
952.292
955.478
938.062
944.484
953.921
951.687
968.107
953.736
949.877
953.606
956.219
957.148
95.612
95.717
961.161
971.468
974.782
946.477
452.958
2.734
276.838
28.803
275.287
365.026
451.886
466.242
469.686
500.049
811.005
951.245
962.838
963.883
954.096
956.996
957.227
946.315
937.052
956.408
967.322
960.336
952.531
963.134
966.833
96.742
965.764
971.643
95.738
956.108
962.109
968.097
97.793
978.269
97.777
977.823
98.372
973.412
891.047
660.464





































































































































































































































































































































































































































































































































































































































































































































































































































































































































