25.298
184.558
275.955
332.203
326.215
295.567
254.765
16.594
287.189
403.895
59.099
622.388
549.982
353.528
314.284
317.828
156.177
353.973
247.155
159.413
329.642
627.532
73.355
756.928
722.996
702.449
74.206
760.492
713.197
704.235
74.464
710.452
699.362
689.121
682.561
693.483
685.737
649.214
632.147
617.062
65.307
638.975
63.009
651.872
50.189
342.123
609.529
607.832
429.452
449.499
588.545
490.891
527.825
669.448
631.973
652.421
628.808
438.949
168.571
15.699
273.813
21.801
310.141
378.196
295.227
25.735
278.889
204.979
294.929
499.488
684.152
673.485
679.441
70.642
738.065
684.984
567.318
568.404
51.938
492.287
462.744
591.676
528.885
604.456
609.504
497.014
472.165
371.907
423.023
373.067
347.559
510.998
299.185
218.099
257.173
124.551
236.966
425.755





































































































































































































































































































































































































































































































































































































































































































































































































































































































































