-769.786
-772.824
-758.855
-747.621
-742.257
-741.907
-74.428
-738.064
-394.053
-310.942
-275.414
-275.226
-305.224
-361.758
-456.624
-56.282
-463.887
-310.712
-279.876
-29.684
-300.248
-260.207
-234.029
-228.702
-240.962
-258.278
-272.616
-283.961
-307.322
-342.904
-353.962
-364.546
-350.317
-331.584
-316.835
-302.187
-288.081
-278.883
-257.899
-241.753
-243.131
-248.792
-24.216
-246.984
-271.805
-297.397
-318.982
-301.266
-27.644
-23.767
-22.584
-238.793
-241.806
-244.382
-263.902
-282.263
-305.891
-367.501
-361.231
-309.091
-277.945
-274.861
-312.313
-470.719
-435.959
-363.576
-342.264
-351.678
-341.351
-312.597
-298.971
-28.963
-271.649
-252.959
-246.431
-250.047
-25.922
-253.868
-237.899
-24.866
-269.311
-278.129
-307.432
-315.425
-326.358
-359.926
-386.318
-420.143
-452.427
-466.805
-480.258
-498.986
-517.468
-547.272
-588.821
-625.739
-697.123
-749.107





































































































































































































































































































































































































































































































































































































































































































































































































































































































































